Optimization finished.
Best Reward: -103.40079594366253
Best Hyperparameters:
  learning_rate: 0.0003222335803421667
  gamma: 0.9382748465850346
  gae_lambda: 0.9622760513569572
  ent_coef: 0.06417705645113507
  clip_range: 0.3859383717555195

  