Optimization finished.
Best Reward: 340.99590800111184
Best Hyperparameters:
  learning_rate: 0.0004992737654777943
  gamma: 0.9539211419602324
  gae_lambda: 0.9224154553372811
  ent_coef: 0.06018808483024082
  clip_range: 0.2744162026891388